0435910108
1906523371
0394721179
0813190762
1558615008
190652324X
1592211518
0803211023
0253211107
0912469099
0140100040
1558615342
0795701845
0471380601
0814781438
1906523142
0844212024
186914001X
1770091459
1558614060
0739105620
0325070253
1588264912
1594606471
1904456731
0795701063
0869809180
1563976986
1919931236
0325002118
0739105639
0814781446
0939691027
044657922X
0547241631
1607886154
0486285537
0393930572
161552164X
0195092627
0618982728
0393929949
1400500281
0486296040
006059537X
0393979210
1439181454
0451528247
0547241607
0393326659
0618155872
0385000197
0393927393
0393979202
0393977781
0312463197
0393061817
0142437530
1557837600
0425234282
1435114760
1400030935
0205655106
0061626392
1598530208
0060540427
0061728942
1565841476
0486457575
1402221118
0679745254
0393930157
0135145287
0553262637
0385044011
0312421001
0806645776
0073384895
0312452837
0393927415
1598530593
014023778X
0806627158
0205763103
054720180X
0140170367
0321484894
0486272842
0321012690
0395765285
0820334316
0132216477
048627165X
0802150322
0393930149
1598530216
1616836865
1616823763
0743299779
039333645X
0689808690
0451529154
0060882506
0142001945
0060927631
0641974124
0393927423
0312474911
1558850031
0521540283
0822220555
0077239040
0307268349
1598530690
0609808400
1560255501
1934633941
0618197338
044990508X
1571312692
1598530410
193108209X
0896086267
142360699X
0806639628
0375761276
023108028X
1598530313
0061174076
0321113411
0205779395
054720194X
0375415041
0679767991
0684823071
0451529634
081297509X
188184708X
0618197354
0814775721
0451527828
1400077184
155783749X
039331698X
0813538629
0486294501
0618751181
1440151512
0822220768
0896086992
1581825234
1598530518
0618379029
0618427058
1590170385
0077239059
0195144562
1569472181
0312412088
0393318737
1893996387
0312115520
0618983228
0743299752
1598530429
0806628448
0393040011
1615580190
0811844943
0826217796
0321116240
1558490418
0963290622
1573833320
0060924209
019516251X
014310506X
0345395026
1595580557
0231109091
0385423098
0440378648
1557837481
0805211144
0684868695
0688171613
1596911484
037575881X
0807131512
032101149X
0618256636
0140390871
0767918460
0393930130
0375755020
1428262504
0131937928
0679736336
0813545757
0451528735
0674027639
0385491182
0393318281
0393927431
0321088999
1573241385
1558853995
0963290614
0813533309
032101006X
0981519423
0395926882
0231112599
0618902813
1575257629
0375703004
0385422431
1575255898
1604330376
0553375180
0965834441
0375414584
0807028231
0874177596
0822220423
0451527445
1557836965
0321093836
1555837476
0195122712
0786869186
0877970602
0618532986
0791419045
1572331321
1555839975
1575252716
0814727476
0415924448
0374525218
1405188626
1604732148
1880000768
0313308608
0804111677
0345383176
0345382226
1931082561
0140390146
0820321044
0918949254
0393310906
1400033217
159853033X
1589801768
0321116232
0631204490
0813531640
0816513848
0786436840
0312596227
0072564024
0812979923
0231081227
1575256185
0253206375
1575255596
0295969741
0881508594
0140273050
1570758468
0060874112
156584744X
0811807843
019955465X
0982338201
1934633194
0940450674
0813529301
0673469565
0140435875
1590304551
0375413324
1594482829
157525591X
1416537465
0060923520
0140296395
1579127738
097662964X
1887366768
0743299736
0743257596
0814757219
0743243501
0520222121
1598530054
1597140015
156368019X
1887178988
1558853804
0816527938
0691133247
1931082332
0195093607
091478370X
080712320X
0688175864
0393316858
1439181470
0395986052
0078454816
0195122135
0618131736
0914783599
0230620655
0809329549
0486410986
1551117282
094045078X
1563681277
0312191766
0874519187
0385003587
061890283X
0809015641
0470237694
0743476972
1559362758
159853047X
0802132790
1929642377
0195125630
0786713879
1593761945
0820332259
1598530151
1416906355
1560373792
0945353820
159714049X
0226322742
0195395921
962634248X
0816524939
0595362974
0813538866
0870498746
1931082278
0976876027
1400076757
0879054700
1555536778
1880399989
1933859865
0631206523
0743299760
0813529662
0920661599
0743203887
0967023432
0761131655
1557837473
0816645612
0395980755
0932379192
0072400196
0979485223
1879960583
0813527260
1931010471
0813520185
0073221538
0618570489
0873514289
0673469778
0446676918
0879103663
0061175358
0130266876
039304677X
157525249X
089672638X
0813531624
1403979995
0978625110
0872863131
0815320809
1590212282
0230606326
0873384660
1559363320
0979485215
0395875099
0321198433
0573695393
0842028293
0936839228
1573441880
1558853316
1932663177
0393316718
023105419X
0940450666
061853301X
0060749539
029598824X
0674030915
1555533019
158648009X
0807136360
0070113963
0415234689
0252064100
0874807905
157525297X
1575254247
0814776558
0684802406
080213694X
1598530488
0873515420
1888160381
1555838278
0813122791
1932183701
1575254468
0671047566
1598875787
0910043078
1597140376
189251401X
0195020588
0806513497
0875652530
0809327635
0879058323
1567920780
0813007267
1587298716
0820327751
1583220224
0813190665
155936291X
188736675X
0873514378
1931082766
0156135396
1883011760
089886710X
0743257588
0872865010
0872865282
0415936829
0201846705
1888160438
082632889X
0826348181
0875653421
1557837120
1558853464
0271027215
0452011744
0870498762
0804011079
0674006038
0618249338
0806133678
0140230262
0673990176
1558491112
0573697558
1931082499
0945575939
1565849868
1580051588
0268041342
0881461830
0253214920
0060953225
1575253860
1585360953
0316347108
1566890012
1892514117
1566891418
0944350615
1931082529
0199273154
0814321429
0295977469
0822955601
0878054790
0978848934
0520216849
0275935671
0877457956
159179188X
1573240370
1560253789
